1.089262530484896274e+02 8.388319870406064638e+01 1.054936418649027274e+02
1.002245523095742072e+02 8.596427704507155454e+01 9.782663676388735041e+01
1.093065495200252002e+02 1.190604761322069010e+02 1.051234312966620479e+02
1.061532502023218854e+02 1.025326831983304601e+02 8.004961155817534291e+01
1.032562206375104381e+02 1.298667548486305350e+02 1.040533745961559902e+02
1.007188794312656199e+02 9.779943302894203327e+01 1.024131180213110781e+02
7.443728037314593848e+01 1.204463279328138157e+02 1.153024694116918738e+02
8.298714071635976097e+01 1.167490939371494534e+02 1.020065774040653253e+02
1.005431497669961516e+02 1.136771977138920846e+02 1.006635545948896606e+02
1.101385807274944852e+02 1.035446677122308046e+02 1.055888481504470349e+02
